104 104 105 105 104 104
103 104 105 104 104 105
103 101 103 101 103 103
107 105 104 106 106 105
104 104 103 102 104 103
102 102 102 102 103 103
104 102 104 104 103 104
106 104 104 105 104 104
104 102 103 101 102 102
104 106 106 104 106 105
104 104 104 106 106 106
104 103 104 104 105 105
101 102 102 101 104 104
104 104 105 105 106 106
102 102 103 103 104 104
103 102 101 102 101 102
102 103 104 105 103 104
104 104 103 106 103 105
101 102 101 100 103 102
103 103 104 105 105 104
105 103 106 103 104 105
103 103 102 104 103 103
104 102 103 102 103 103
105 106 106 105 106 106
104 104 102 103 104 103
103 103 102 102 102 103
105 103 103 102 103 101
105 106 103 103 105 105
102 104 101 103 103 103
105 104 103 105 106 105
104 106 104 104 105 105
104 104 105 102 104 102
102 101 103 100 102 101
105 106 106 106 105 106
104 103 105 102 103 105
103 102 103 104 104 101
102 103 104 103 101 103
102 103 105 102 104 104
101 103 100 103 100 103
103 104 105 106 105 105
104 104 107 104 105 106
103 104 105 102 106 104
103 101 102 102 102 101
106 104 105 105 106 106
104 104 104 104 105 103
102 102 104 103 105 103
103 104 103 104 102 104
105 106 105 103 103 106
104 101 102 101 102 103
104 104 104 108 105 107
104 106 105 106 105 105
104 102 104 106 104 104
103 101 103 102 103 103
105 106 104 105 105 104
103 103 103 104 103 103
100 103 102 101 102 102
104 103 103 102 105 105
104 104 104 104 104 103
100 101 102 103 102 102
104 105 105 107 104 104
105 106 104 105 105 106
105 104 105 104 103 104
102 101 102 103 102 103
106 106 105 105 104 106
105 103 104 104 103 103
102 103 103 102 103 103
103 104 105 105 103 105
104 105 103 102 105 105
102 101 102 103 100 103
105 104 105 105 104 105
104 105 105 106 105 104
104 104 104 104 103 105
102 101 103 101 103 102
105 106 105 105 105 105
105 104 105 104 104 102
102 101 103 101 101 104
103 104 104 105 102 104
104 106 105 105 106 104
102 103 102 102 101 103
104 106 106 104 103 106
105 105 105 104 106 105
103 104 104 104 104 104
103 101 103 102 104 101
105 105 107 104 104 104
104 102 104 104 104 105
103 102 102 102 103 101
105 104 104 105 102 103
104 103 105 106 105 104
103 102 103 104 102 102
106 104 106 107 106 105
106 105 105 106 104 106
105 104 106 105 105 104
103 100 104 103 103 101
105 106 105 106 106 106
102 103 103 105 103 103
103 103 104 103 102 103
103 103 104 104 103 103
103 104 104 105 105 104
102 101 101 102 102 102
103 105 106 105 105 104
104 104 107 104 105 104
103 106 105 105 104 105
102 101 101 103 105 102
105 105 106 105 105 105
104 104 105 104 103 103
102 104 103 101 103 105
104 105 103 104 104 105
103 105 105 103 106 104
101 104 103 101 104 101
105 106 105 104 106 106
107 103 105 104 107 104
103 105 103 104 103 105
103 102 102 102 104 104
106 106 106 106 106 105
104 103 104 103 104 105
104 101 103 102 102 103
103 104 104 106 102 104
103 104 103 104 103 104
102 101 102 102 103 102
106 105 104 105 105 105
103 106 105 104 106 104
104 104 106 104 104 104
102 103 104 102 103 102
106 105 107 105 107 107
103 103 103 103 104 103
103 105 104 103 103 102
104 104 103 104 104 105
103 105 104 105 105 105
103 103 104 102 103 104
104 105 104 106 107 106
104 104 105 106 104 103
106 103 104 105 105 105
104 101 102 103 103 103
105 107 106 105 106 106
102 104 103 103 104 104
103 103 101 103 103 103
105 104 105 105 103 104
104 104 104 104 104 105
103 102 102 102 103 101
105 106 105 106 106 106
105 104 104 106 106 106
105 104 105 104 105 106
104 101 103 102 103 104
105 106 105 107 105 107
103 105 103 105 104 103
102 103 105 103 103 104
104 106 106 103 103 104
104 104 105 105 105 104
103 101 103 104 102 103
105 106 106 105 106 106
107 105 105 104 103 103
105 105 105 103 104 104
103 101 104 102 103 103
105 106 106 105 106 108
105 104 105 104 105 106
102 104 104 103 104 104
104 103 106 105 103 104
103 105 103 105 104 105
104 101 101 102 102 101
105 104 104 105 104 103
107 105 104 105 106 106
102 105 105 105 104 105
102 103 104 104 104 103
106 105 105 106 104 106
105 103 104 104 102 102
102 102 102 103 103 102
103 105 104 104 104 104
103 105 103 103 106 103
101 103 102 102 103 103
105 105 106 105 107 105
105 105 103 105 106 106
104 103 106 104 106 103
104 102 101 102 103 102
105 106 105 106 107 105
105 104 103 101 105 105
103 102 102 100 103 103
103 104 103 104 102 104
105 105 102 103 105 104
102 102 103 102 102 101
103 106 106 105 106 105
105 105 105 105 105 104
105 104 105 104 103 105
103 100 102 103 102 104
103 105 107 106 107 105
103 102 105 105 103 104
103 102 104 104 101 105
104 102 105 104 103 106
105 106 105 103 105 104
103 102 103 104 102 102
105 106 105 105 108 105
105 105 105 106 106 107
106 105 105 105 106 103
104 101 103 105 104 104
105 105 104 106 107 106
103 103 103 105 105 105
105 103 103 103 102 103
103 105 105 105 105 104
104 104 105 104 105 103
102 101 102 101 102 102
105 104 107 105 106 105
105 104 105 105 106 105
103 105 104 104 104 102
104 102 105 105 104 104
105 106 105 107 105 105
103 105 103 104 104 105
102 103 104 103 102 101
102 105 103 104 104 104
105 104 103 105 104 105
103 100 101 105 102 103
108 105 104 105 106 105
104 104 105 105 105 106
103 104 104 104 103 104
102 103 103 102 102 103
104 106 104 107 105 105
104 103 103 103 103 103
104 102 103 103 102 103
104 104 104 102 105 105
103 104 104 103 105 105
100 102 101 102 104 101
103 104 105 105 106 105
105 105 106 105 106 105
104 105 105 104 103 104
104 102 102 105 103 104
106 105 106 105 104 105
104 104 103 105 105 104
102 103 103 104 102 104
104 105 104 105 105 104
105 104 105 104 107 104
102 102 103 103 102 103
105 104 106 106 105 105
105 105 105 106 105 106
104 103 104 104 105 103
104 102 101 103 102 103
106 106 105 106 105 106
104 104 103 103 105 103
102 102 103 104 103 103
103 104 105 103 105 105
106 104 104 103 105 106
102 103 102 102 102 101
107 104 106 107 104 105
105 105 105 105 105 104
103 103 105 104 104 104
104 103 103 105 103 104
105 106 107 107 105 105
103 104 105 105 103 105
104 103 104 103 102 103
103 106 104 105 105 103
104 105 106 104 106 104
101 103 103 101 102 102
106 106 107 105 105 105
104 105 105 106 105 105
103 106 104 105 104 104
102 102 101 102 102 104
105 106 106 103 106 105
105 105 102 105 104 105
102 104 104 103 102 102
102 105 102 105 103 103
103 104 105 104 105 104
101 101 101 102 103 102
105 104 105 105 104 105
104 105 105 106 105 108
105 105 104 104 105 104
104 104 102 101 103 102
106 107 105 105 106 105
104 104 104 104 104 104
103 102 103 103 105 103
105 104 103 105 106 105
104 104 104 105 104 103
102 103 103 101 103 102
106 103 105 106 107 106
105 106 106 107 105 106
104 103 105 105 103 104
103 103 103 103 103 105
107 107 105 104 106 105
105 105 103 103 103 103
103 103 104 102 104 105
104 104 105 104 104 105
106 104 104 105 104 106
103 101 102 101 101 103
105 107 105 105 106 106
105 103 103 106 107 107
104 105 105 103 105 104
103 102 104 104 103 106
107 106 105 106 105 106
104 106 105 104 103 104
103 102 102 103 103 103
104 106 104 104 106 104
105 105 105 105 105 105
104 102 103 102 102 103
104 106 107 106 106 107
106 105 105 105 105 104
104 105 104 105 104 105
102 103 103 104 104 104
106 107 106 105 106 106
105 103 105 105 104 103
103 103 102 103 102 102
106 105 104 105 103 104
106 104 103 103 104 103
102 101 102 101 103 102
104 103 106 106 105 104
105 104 103 105 105 105
103 105 103 104 104 105
103 103 105 102 105 102
105 105 105 105 104 105
104 104 105 104 104 104
105 104 102 103 103 105
107 104 104 103 102 103
105 105 105 103 104 104
100 103 102 103 101 103
105 105 106 105 104 105
105 106 105 105 106 106
105 104 105 105 104 104
103 103 103 103 102 104
107 107 105 106 105 104
103 105 104 106 103 105
103 102 102 103 105 104
104 103 103 105 104 103
105 105 104 105 105 105
102 103 103 102 101 101
104 105 105 107 105 105
105 105 104 104 105 106
104 104 105 104 103 106
103 103 105 102 104 103
105 106 108 108 106 106
105 104 105 107 105 104
104 103 103 103 104 104
105 104 104 105 104 104
106 104 104 104 104 106
102 105 103 104 104 104
105 106 106 106 105 106
106 106 106 105 106 106
105 104 105 104 105 105
103 104 104 105 103 102
104 105 108 108 106 107
103 105 104 106 103 105
104 102 103 102 103 104
103 104 104 104 104 104
103 106 104 105 105 103
101 103 103 102 103 102
105 106 105 106 105 106
105 106 106 107 104 105
103 105 106 106 104 104
103 103 102 104 103 102
107 105 105 106 106 105
105 105 104 106 104 106
103 102 104 103 104 103
105 105 105 105 102 106
104 106 104 106 105 105
100 103 102 104 103 104
106 105 103 106 105 106
104 105 105 106 104 105
104 104 107 103 104 104
103 103 104 104 103 103
105 105 107 106 104 105
104 105 104 103 103 104
103 104 102 103 102 105
104 103 105 104 104 106
105 105 106 104 106 104
102 102 103 101 103 103
106 105 106 106 106 105
105 106 105 105 106 106
104 106 105 105 105 105
102 104 105 103 103 103
107 106 106 107 108 106
105 104 103 107 105 105
104 103 103 104 104 105
103 106 103 104 106 104
104 106 105 105 106 108
102 103 103 102 101 103
107 106 105 106 107 107
105 106 106 106 106 106
104 103 104 104 106 104
103 103 104 102 104 105
106 106 105 106 105 105
106 105 102 106 104 103
105 105 104 102 102 102
104 105 105 104 105 104
104 106 104 105 105 105
101 103 102 102 101 103
106 105 106 106 105 105
106 104 106 106 105 106
105 104 105 106 105 106
103 104 105 103 104 105
107 106 106 106 105 107
106 103 105 105 106 105
105 104 104 103 103 105
106 105 105 105 106 104
104 104 104 106 105 107
101 102 103 104 102 103
106 105 107 106 107 106
105 104 106 106 106 106
106 104 105 104 106 105
104 103 104 103 103 103
106 105 105 107 106 104
103 104 104 106 104 105
103 103 102 104 106 104
105 104 106 105 102 104
104 105 106 106 106 104
101 101 102 104 103 104
104 105 107 105 105 104
105 107 105 106 106 104
104 105 104 104 105 105
104 102 104 103 105 104
107 106 104 107 106 107
106 104 102 107 102 106
104 104 103 103 103 103
105 105 105 105 105 105
106 106 105 106 106 105
105 103 101 105 104 104
106 106 106 107 105 107
107 106 106 106 107 108
106 104 105 103 105 105
104 104 104 102 102 102
105 106 105 107 107 105
104 104 103 106 104 105
104 104 103 102 103 103
106 103 103 105 104 106
105 106 105 102 104 104
103 101 102 103 102 104
104 106 105 106 106 107
105 104 105 106 106 105
106 105 104 105 105 106
102 104 103 105 102 104
108 104 106 107 107 107
103 104 105 107 105 106
105 103 103 104 103 104
105 105 104 105 104 106
105 106 105 106 104 106
101 102 102 104 104 104
105 105 104 106 104 106
106 106 104 105 106 103
106 104 106 102 104 106
102 103 101 104 104 103
107 105 105 105 105 107
104 104 103 103 103 104
103 103 104 103 104 104
104 105 103 104 105 104
103 103 104 105 107 106
102 101 101 102 102 102
105 106 105 105 104 105
106 106 106 105 106 105
104 105 105 103 103 105
104 104 103 104 104 103
106 105 107 104 106 108
105 105 104 104 103 106
104 103 102 103 104 105
107 104 104 106 105 106
105 106 105 105 105 106
103 103 104 103 103 103
105 107 106 106 107 107
105 106 105 105 105 105
105 104 105 103 104 104
103 101 103 104 103 105
105 106 105 104 106 108
105 104 103 104 102 103
103 104 103 105 102 104
104 103 105 103 105 105
105 107 104 105 105 106
103 103 102 103 102 102
105 106 106 106 106 106
105 105 105 105 106 104
105 105 105 103 103 103
104 104 102 104 104 103
106 107 107 105 106 106
106 103 106 104 105 105
103 104 103 104 104 104
106 105 106 104 104 104
107 105 105 105 104 108
104 103 103 102 104 101
106 105 105 107 104 106
104 106 106 106 105 108
103 104 106 105 103 105
104 104 102 104 105 103
107 105 105 105 108 106
104 104 105 107 103 103
103 104 103 103 103 105
106 104 104 104 106 102
104 103 104 104 105 104
101 103 102 103 105 104
104 104 107 105 104 105
107 106 107 107 106 107
104 104 106 104 105 105
103 102 103 105 103 104
107 105 107 104 108 105
104 106 105 104 105 105
104 103 104 105 103 102
103 104 106 105 105 103
105 104 105 105 105 105
101 103 103 103 105 103
106 106 108 107 105 107
106 106 105 109 105 106
105 105 103 106 106 105
102 103 103 103 105 103
105 106 107 105 107 106
105 104 106 105 105 105
105 104 104 103 102 103
104 105 104 105 105 103
104 105 105 107 106 106
102 103 103 103 103 103
106 105 107 105 104 106
106 106 107 107 106 104
103 106 106 105 105 104
102 103 105 105 105 102
107 106 105 106 106 108
104 104 105 103 104 105
105 103 104 103 103 104
104 106 105 105 105 105
104 105 105 103 105 106
102 102 103 103 103 104
106 107 108 106 107 105
105 105 105 107 107 105
105 103 105 104 106 104
104 103 102 104 104 105
105 108 105 105 107 106
104 105 103 105 105 103
103 103 103 104 103 103
104 106 104 105 106 106
106 106 104 105 106 106
103 102 103 102 104 102
104 106 107 106 106 104
106 105 104 106 106 106
105 104 104 104 105 106
103 106 104 103 104 106
106 105 105 109 106 107
103 103 104 105 103 105
104 103 103 103 105 103
104 106 105 104 103 104
104 107 105 105 107 105
103 104 103 104 102 102
105 107 107 106 107 105
106 107 105 108 106 107
105 105 106 104 104 105
104 104 102 103 103 102
105 108 106 105 106 105
104 105 105 103 104 104
104 104 104 104 102 103
104 105 105 105 105 105
104 106 105 105 105 106
101 104 104 102 101 101
104 106 107 105 107 106
106 107 104 107 105 106
105 105 104 106 103 106
104 105 102 104 104 103
108 105 107 106 107 106
104 106 105 105 105 105
103 104 102 106 103 103
105 105 105 106 104 106
104 107 106 105 107 105
104 103 103 104 105 103
105 105 108 107 106 107
106 107 106 105 106 106
103 105 106 105 104 104
103 103 104 104 104 104
105 107 104 106 105 107
106 104 104 104 104 105
104 105 103 103 103 104
103 105 104 105 104 104
105 105 105 106 104 104
103 104 102 102 102 104
105 106 106 105 105 107
105 107 106 105 106 107
105 104 104 104 106 105
103 101 103 104 104 102
105 104 107 106 106 105
106 104 107 101 105 104
103 104 105 104 104 103
103 104 107 105 104 106
105 105 104 106 104 106
104 101 104 104 103 101
105 105 105 103 106 106
105 106 105 105 106 105
106 104 104 105 106 104
102 103 103 102 103 103
106 106 107 106 106 107
105 104 104 104 105 105
102 104 102 102 103 103
107 105 106 105 103 104
105 105 105 105 103 105
103 102 103 101 102 104
104 105 106 105 106 108
105 106 105 105 105 107
105 105 105 105 105 106
105 104 104 103 102 103
106 106 106 105 107 109
105 103 104 104 107 106
103 105 103 105 104 106
106 105 105 105 104 104
104 107 105 104 105 104
101 103 103 103 104 102
104 106 106 107 107 106
108 107 106 107 106 105
106 103 105 104 104 105
103 103 104 104 104 104
106 106 106 107 105 107
105 105 103 104 104 106
103 104 103 104 104 104
105 104 104 104 104 106
106 105 104 106 104 103
102 102 101 103 103 103
105 105 103 107 106 106
108 105 107 107 106 105
104 104 105 106 103 106
105 104 103 104 105 105
107 105 107 106 106 108
104 103 107 106 105 105
105 104 105 104 103 105
106 105 104 104 106 105
105 105 104 104 105 106
103 104 104 104 104 103
107 106 105 107 106 105
107 105 105 105 105 106
104 105 104 104 104 106
103 102 102 104 103 106
109 107 106 106 108 107
104 104 104 105 104 105
104 104 101 104 105 104
105 104 105 104 104 105
105 105 105 105 105 105
104 102 103 103 101 104
105 105 104 105 105 106
107 106 106 107 105 107
105 106 107 105 104 104
104 104 105 104 104 104
105 107 107 107 107 107
105 106 106 103 105 106
104 104 103 104 104 105
105 105 106 107 105 104
106 107 105 105 105 104
103 103 106 104 103 103
107 107 106 107 106 106
106 106 106 106 105 106
104 103 104 106 105 108
104 104 103 104 103 103
106 105 105 107 105 106
105 103 104 105 103 103
103 104 103 103 101 104
106 103 103 105 105 104
103 105 103 105 105 107
103 102 102 102 103 104
107 105 104 106 105 104
108 105 105 107 107 106
105 105 105 106 105 106
103 103 104 104 103 105
108 107 107 106 107 105
106 105 104 105 107 105
104 104 102 105 104 105
105 105 105 106 107 105
104 105 106 106 105 108
104 103 104 103 102 103
107 106 105 106 106 105
106 107 106 108 107 106
105 103 103 104 104 105
103 104 103 104 104 103
104 107 105 106 106 106
103 105 103 105 103 105
103 103 104 103 103 103
105 104 103 106 103 104
104 105 105 105 104 104
101 102 102 105 101 103
104 105 107 106 105 105
104 106 106 107 106 107
104 104 106 105 106 104
103 105 104 103 102 105
105 108 105 107 107 108
104 105 106 106 105 105
106 105 106 105 105 104
106 105 104 105 104 105
105 106 105 106 104 106
102 103 104 103 103 102
106 108 106 107 105 107
104 105 107 107 106 106
103 104 106 103 105 103
102 103 104 106 105 102
107 107 106 106 107 105
102 105 104 105 106 105
104 104 105 104 104 104
104 106 104 104 105 105
106 104 105 105 106 105
103 103 101 104 103 102
106 108 106 105 105 105
105 105 106 105 106 106
105 105 104 106 106 105
103 104 104 103 105 104
106 107 106 106 106 108
104 105 104 106 106 105
105 103 104 103 104 103
106 106 105 105 105 105
106 108 106 106 105 106
103 104 104 104 104 102
106 105 105 105 107 107
105 105 105 108 106 105
104 105 105 105 104 104
102 102 102 104 104 104
105 107 105 106 106 107
105 105 105 106 103 104
104 102 104 103 104 104
103 105 104 105 104 105
105 106 106 107 106 106
104 103 102 104 104 104
105 105 107 107 106 106
107 106 105 105 106 105
105 104 107 106 105 104
103 103 105 102 105 104
107 107 106 106 106 106
104 103 105 105 103 105
103 103 104 103 104 105
105 105 105 106 105 105
104 104 106 105 106 103
101 103 103 103 103 104
106 108 106 106 105 106
105 107 105 106 104 106
105 105 105 104 105 106
104 101 104 105 102 104
106 109 106 107 107 106
103 106 104 105 104 105
104 105 104 102 103 101
103 108 104 105 105 104
105 103 104 105 103 106
104 104 101 103 104 103
105 104 105 104 104 106
106 106 106 106 107 107
105 105 103 105 105 106
104 104 104 103 104 103
105 106 108 106 107 106
104 104 105 107 105 106
103 106 104 105 104 105
106 106 105 105 104 106
104 107 105 105 105 106
104 106 102 102 104 103
105 104 106 105 106 107
105 105 109 107 106 106
106 104 104 104 104 107
104 103 105 104 102 104
106 105 107 105 106 107
105 105 106 105 103 105
102 103 105 104 103 105
103 106 106 103 106 104
104 105 105 104 105 105
101 103 104 102 104 103
106 106 106 104 105 106
106 106 105 106 106 107
104 105 103 104 105 106
103 105 104 104 102 105
106 108 107 104 108 106
104 105 104 104 106 106
101 105 104 104 103 105
105 106 106 104 105 105
105 107 105 106 105 106
103 104 104 102 103 103
106 106 106 106 106 108
106 105 107 107 107 106
105 105 104 105 104 107
103 105 101 104 101 104
106 107 105 108 107 107
106 106 106 105 105 105
104 103 103 102 104 103
103 106 105 105 105 106
106 106 104 106 105 104
104 102 103 103 102 102
105 107 106 107 106 105
107 107 106 105 107 107
104 104 105 103 104 105
103 106 103 104 103 104
107 105 107 106 107 106
105 105 105 104 105 107
103 104 106 102 104 104
106 105 105 106 105 106
105 106 107 104 105 106
104 104 103 105 105 104
107 106 107 105 108 106
103 106 106 106 106 107
105 107 105 106 105 107
105 104 104 104 104 105
107 105 106 105 108 108
104 105 103 105 104 106
103 103 105 102 105 104
105 106 107 105 104 105
106 104 105 103 105 106
102 101 103 103 103 104
105 105 104 106 106 105
106 106 108 106 106 107
105 106 105 104 106 106
103 106 104 102 103 104
108 107 105 107 107 107
104 104 105 103 104 107
104 105 103 105 103 104
104 105 104 105 105 105
106 106 107 104 105 107
104 105 103 103 102 104
107 107 105 106 106 107
106 107 106 109 107 106
104 105 105 107 106 105
105 104 104 104 103 104
106 107 107 106 107 107
105 104 105 103 106 106
103 105 102 105 104 104
105 106 104 105 104 103
104 105 105 106 104 107
103 104 102 103 104 104
105 105 106 106 106 106
106 108 106 104 105 106
104 106 104 104 104 105
104 103 104 104 104 104
106 107 105 107 107 106
107 105 106 104 105 105
104 104 103 103 104 105
104 107 105 107 106 104
106 106 106 104 106 105
103 104 103 103 104 101
106 105 107 106 106 108
108 104 106 106 106 107
104 105 105 104 106 107
103 106 100 105 103 104
107 107 107 107 107 106
106 103 105 104 107 104
106 104 104 106 104 103
103 105 103 104 106 106
106 105 105 106 106 104
103 102 103 104 104 103
106 106 106 105 106 105
104 106 105 108 106 107
104 105 105 105 106 104
103 104 102 104 104 104
107 107 106 105 107 107
103 105 104 105 105 105
105 104 104 104 104 102
107 105 105 105 107 104
106 106 105 106 107 105
104 103 103 103 103 104
106 107 105 107 107 105
107 107 106 106 107 107
106 106 105 104 107 104
102 102 104 106 105 104
106 108 107 107 108 106
105 106 104 105 105 104
103 103 103 104 104 103
104 105 106 105 103 104
103 105 104 107 104 106
103 103 101 104 102 104
104 106 105 105 105 106
105 107 106 106 108 107
105 104 106 105 105 105
103 103 106 104 105 105
107 106 105 106 108 107
105 104 106 104 104 107
105 105 103 104 105 105
104 105 106 106 104 105
106 106 107 106 107 106
104 103 103 103 104 103
104 106 106 107 106 107
105 105 106 107 109 105
103 105 106 106 107 106
104 103 103 104 105 106
107 106 106 106 106 106
105 104 106 105 106 105
103 104 104 103 102 103
105 104 104 105 105 106
105 106 104 104 107 108
103 104 103 102 103 103
106 105 106 107 107 106
106 105 104 106 106 106
107 107 106 106 104 106
105 101 103 105 103 104
106 108 106 106 107 108
106 105 106 105 104 105
104 105 106 104 105 105
104 105 105 105 106 105
105 106 107 106 106 106
103 104 103 103 105 104
107 107 106 106 104 107
108 105 106 107 107 106
106 104 105 106 106 105
104 104 103 104 105 105
106 105 106 106 105 105
103 104 104 104 105 105
104 104 105 105 103 105
105 104 105 103 106 104
108 104 106 105 106 105
104 103 105 103 104 103
107 106 106 105 106 105
106 107 107 107 105 105
104 104 106 105 105 107
104 103 103 104 103 104
106 106 106 108 107 105
105 104 104 106 104 105
104 104 103 105 104 102
104 106 106 106 105 104
104 105 105 107 106 106
103 104 105 104 105 103
108 106 107 105 106 106
106 106 105 107 107 107
106 107 106 105 105 106
105 105 104 103 103 105
107 107 107 106 105 107
105 105 104 106 105 105
104 105 104 104 104 104
104 106 105 106 104 105
105 103 106 106 107 104
104 102 103 101 104 105
107 105 106 106 107 105
107 107 105 106 108 105
104 105 104 105 105 107
104 105 104 104 105 104
108 106 108 108 106 106
105 106 104 105 106 106
103 106 104 104 105 105
107 107 105 105 107 104
106 105 105 105 107 105
103 104 104 103 105 103
106 107 107 107 108 106
106 105 105 106 106 106
105 103 106 106 107 105
103 103 104 104 105 103
106 108 107 108 107 108
105 105 104 104 106 104
103 103 105 102 105 102
106 105 105 104 106 104
104 104 104 104 107 106
103 102 104 101 105 103
104 105 107 106 107 106
104 106 105 106 106 108
107 105 107 106 106 105
104 105 105 105 104 105
108 107 108 107 107 106
104 103 105 107 106 105
105 104 103 106 104 105
105 106 103 106 106 106
106 105 104 104 105 108
104 104 104 102 104 104
105 108 107 106 106 105
107 107 108 106 105 106
106 105 105 105 104 105
104 103 104 104 105 105
106 105 109 106 106 106
104 103 105 105 105 107
104 104 106 105 104 104
103 107 106 104 105 104
106 105 105 106 106 105
102 104 104 102 106 103
105 105 107 106 106 106
105 108 105 105 106 106
106 106 106 106 106 104
103 105 104 106 105 102
108 108 107 106 108 107
106 105 106 103 105 105
105 104 105 105 104 103
105 105 105 106 104 105
106 106 107 104 108 108
105 105 104 101 105 103
105 108 106 106 106 107
106 107 105 106 106 105
106 106 104 105 105 105
105 104 102 105 104 104
106 107 106 105 107 107
104 104 105 107 104 106
104 103 103 103 105 103
105 105 104 106 104 104
106 104 105 108 107 105
104 103 103 102 104 103
106 107 105 106 106 105
107 107 105 109 105 107
107 106 106 106 105 106
104 102 104 104 103 105
108 110 105 106 107 109
104 105 105 104 105 107
103 103 104 104 105 104
104 107 105 105 106 104
107 103 106 107 106 105
105 104 103 102 103 103
107 106 107 107 106 106
105 106 106 106 105 106
105 105 105 105 106 105
105 105 103 104 104 103
107 107 108 106 107 105
106 105 104 105 105 106
105 104 104 104 105 104
105 106 103 105 105 105
106 105 104 106 106 105
102 102 106 103 104 101
105 106 106 109 107 105
106 107 104 107 107 106
106 105 106 106 106 104
104 104 104 105 104 103
107 107 106 108 109 107
106 104 105 104 105 104
104 105 104 104 105 105
104 104 105 105 105 106
106 105 105 107 106 107
104 104 102 103 105 104
105 106 104 107 108 109
106 107 106 107 106 107
105 104 107 106 106 105
103 103 104 104 104 104
107 106 106 107 105 107
106 105 106 104 105 104
103 103 104 105 103 104
104 105 103 106 105 104
105 104 104 104 106 105
103 102 104 102 103 103
107 105 107 106 105 105
108 105 107 108 107 107
106 106 104 105 105 105
104 104 105 106 104 104
108 107 107 108 106 107
106 105 104 108 107 105
105 104 105 105 103 105
106 106 105 105 106 104
106 107 107 106 106 106
101 104 104 105 104 105
106 107 107 107 106 106
106 107 106 105 107 108
106 105 107 105 105 104
104 105 103 101 105 104
107 108 107 106 107 107
104 104 105 107 104 105
102 104 104 104 105 106
107 104 105 108 104 105
106 105 106 106 107 106
102 104 105 104 103 103
105 107 107 107 106 107
106 106 108 107 106 107
105 105 105 106 105 107
104 103 102 105 106 105
106 105 106 108 109 109
103 105 106 106 107 106
106 104 103 104 104 107
107 106 107 105 104 107
107 107 104 106 109 107
104 104 105 104 104 105
107 108 108 106 108 107
106 108 107 107 105 107
105 106 104 104 105 106
104 105 105 104 105 105
107 107 105 107 107 106
104 104 105 106 106 104
104 105 105 105 104 105
106 105 107 104 107 105
105 104 106 107 106 104
102 102 103 104 103 105
106 105 107 107 107 105
105 106 105 108 106 107
103 105 105 106 107 107
105 106 103 102 105 107
107 107 106 108 106 107
104 106 105 107 105 106
104 106 104 105 104 106
106 106 105 106 106 107
105 106 104 106 106 106
101 105 105 105 104 105
107 107 107 107 107 107
106 107 105 105 107 107
106 105 106 105 106 105
104 104 104 103 105 103
109 107 108 105 105 106
105 105 104 106 104 105
104 103 104 105 106 105
105 104 104 105 106 104
107 106 105 106 104 105
103 103 103 103 103 103
107 106 106 107 104 106
106 107 107 108 106 106
105 106 104 107 107 107
106 104 103 106 104 105
107 109 106 106 107 106
104 105 106 104 105 104
104 106 104 104 103 104
105 106 105 105 106 105
105 105 106 107 107 106
103 105 103 101 103 104
107 108 107 107 107 105
108 106 106 104 107 106
105 106 104 104 105 106
104 105 103 104 105 103
107 105 107 106 106 108
106 104 106 105 105 106
104 105 104 104 103 104
104 105 105 105 104 104
105 105 106 108 106 105
104 103 102 104 103 105
106 105 106 106 107 108
105 105 106 106 105 107
106 107 105 105 106 105
104 105 103 105 104 104
105 107 108 107 109 109
106 105 106 106 105 106
105 105 104 104 104 105
107 106 105 106 105 105
107 107 105 105 105 106
103 105 103 102 104 105
107 106 106 108 107 110
106 108 106 105 108 106
103 104 106 105 105 105
104 106 104 104 105 103
106 107 107 106 106 107
104 105 105 105 106 103
104 105 106 102 104 103
104 105 106 105 105 106
104 107 105 104 107 106
101 103 103 103 104 103
105 106 106 107 106 105
105 109 105 107 106 107
105 106 105 106 107 107
105 104 104 104 104 103
105 108 108 108 109 108
103 106 105 106 105 105
106 103 104 104 104 105
108 106 105 105 105 106
106 108 107 106 105 105
103 104 104 104 104 105
104 107 107 107 106 108
107 106 106 107 105 108
105 105 107 104 104 106
105 103 104 106 104 104
107 106 107 105 107 107
105 105 104 105 104 106
106 104 104 105 104 104
103 105 105 106 105 106
105 105 107 104 105 107
104 103 106 103 102 103
105 106 108 105 105 106
104 109 105 109 108 105
105 108 107 105 105 106
105 104 105 105 105 106
107 107 107 108 107 108
107 107 106 104 105 105
105 105 103 105 104 105
105 106 104 105 106 106
105 106 107 107 107 107
105 103 103 104 106 104
105 106 110 106 107 107
108 106 107 107 106 106
104 105 106 106 107 107
105 104 104 105 106 106
108 107 107 107 108 106
103 107 105 106 104 105
105 105 105 103 105 105
105 105 104 105 106 106
106 105 105 105 106 108
104 104 104 102 105 104
106 107 108 107 107 105
106 104 107 107 106 106
106 107 107 107 104 106
105 105 106 106 106 104
108 108 106 109 108 108
105 105 106 107 104 105
105 103 105 106 105 105
106 107 105 105 106 107
104 106 105 105 107 106
103 105 104 104 104 104
107 108 106 107 106 106
107 104 106 107 106 106
105 107 108 104 106 106
105 103 106 105 105 103
105 108 107 107 107 107
104 106 106 108 104 107
104 103 105 104 105 104
103 107 105 106 106 105
105 106 106 106 106 106
103 103 104 104 103 104
106 107 107 107 108 106
107 106 106 108 106 108
106 106 106 104 105 106
105 103 106 105 104 105
107 107 107 108 106 106
105 106 107 106 106 108
105 105 103 106 105 103
105 107 106 107 105 104
109 106 107 106 106 106
105 102 105 106 104 105
107 107 109 107 108 105
107 105 107 104 107 107
105 105 104 103 106 106
104 103 104 104 105 103
107 107 106 107 106 107
106 105 105 105 106 104
103 104 104 105 102 104
105 104 106 105 106 106
106 104 106 105 106 105
104 104 103 105 103 104
105 105 105 106 106 107
109 105 107 107 109 106
106 107 105 105 106 105
104 104 105 105 107 106
108 108 109 106 107 107
106 107 104 105 106 104
104 105 105 104 105 105
105 106 105 106 105 107
106 106 106 106 108 106
103 103 104 105 104 106
107 107 107 106 108 107
106 107 107 105 105 107
106 106 106 105 106 105
104 106 104 104 106 102
105 107 106 108 108 106
105 105 104 104 104 105
104 105 103 103 105 105
105 106 105 105 107 105
108 105 106 105 106 107
103 105 103 104 105 104
106 106 105 107 108 106
108 105 107 108 107 107
107 104 107 106 105 106
106 104 105 105 104 104
110 108 107 106 107 106
105 106 106 107 106 106
106 104 105 105 106 105
108 106 105 105 106 107
107 106 104 107 107 105
105 104 104 105 105 105
106 108 106 108 107 106
108 107 107 105 106 106
105 107 106 106 106 105
104 106 105 104 104 104
107 106 109 107 106 107
105 106 105 104 106 105
105 106 104 103 105 104
105 105 104 106 105 105
105 107 104 105 106 106
104 104 105 104 104 105
106 106 105 108 107 108
108 107 108 108 107 106
106 108 108 107 106 107
105 106 106 104 106 104
105 107 107 108 106 107
105 106 106 106 106 104
104 106 105 106 104 107
105 108 106 106 105 105
106 105 108 107 106 108
104 103 104 103 105 105
107 106 107 107 108 108
106 105 107 107 105 107
106 106 108 107 105 105
105 105 104 104 105 104
106 106 106 106 106 108
106 106 105 105 108 105
106 106 106 105 104 104
105 106 106 107 105 107
105 108 106 106 104 105
102 105 103 105 105 103
106 107 106 106 107 106
108 106 106 106 108 107
106 107 105 105 107 107
104 104 104 105 105 105
107 107 108 107 107 110
104 105 105 105 107 106
104 105 105 104 105 106
107 106 106 103 106 106
106 105 108 106 107 106
103 104 105 105 105 104
107 107 106 106 107 107
107 107 107 107 106 107
105 105 107 105 105 104
105 103 105 105 105 104
106 106 108 108 108 107
106 106 106 105 105 106
105 104 106 105 104 105
106 105 106 105 105 105
105 106 106 105 105 106
105 103 103 104 104 105
106 105 104 106 106 107
109 106 106 107 108 107
105 105 107 106 104 107
105 105 105 104 107 105
107 106 108 109 108 107
105 106 106 106 105 106
105 105 106 106 105 107
107 105 107 107 105 107
106 106 107 107 105 107
104 104 107 106 105 105
105 107 106 106 106 108
108 105 107 107 105 108
105 106 105 107 109 106
103 104 105 105 105 105
105 107 106 108 107 108
105 106 105 105 107 105
104 104 104 105 104 106
106 104 104 106 106 106
106 105 106 107 105 105
104 102 103 105 103 104
105 104 106 108 105 106
108 106 108 106 105 107
108 105 106 107 106 106
104 105 107 106 105 106
107 107 108 107 109 107
106 107 106 104 106 107
105 106 105 104 104 108
106 107 106 106 106 106
106 107 107 108 108 107
103 105 105 104 106 105
107 108 106 107 109 107
108 107 106 108 108 106
108 107 106 105 105 105
107 105 105 104 104 106
106 108 108 107 106 109
105 105 106 107 105 107
105 105 105 104 106 105
106 105 105 105 106 105
106 105 105 106 107 106
104 103 103 104 103 104
106 106 106 107 107 106
108 107 107 107 107 107
104 107 105 105 104 107
105 105 105 105 104 104
108 106 108 109 109 106
107 105 105 106 107 106
106 106 105 106 106 106
106 107 106 106 106 107
106 108 108 106 107 107
104 104 105 104 106 105
107 107 107 107 106 107
107 107 106 106 106 107
107 104 106 105 107 108
104 104 106 105 105 105
107 104 108 108 107 108
106 105 105 106 105 105
105 104 104 105 104 105
106 107 105 105 105 107
107 107 106 106 105 106
103 104 106 102 104 105
107 106 105 108 107 107
108 107 108 106 106 107
105 106 107 108 107 106
105 103 104 106 106 105
108 108 107 108 106 108
107 105 105 107 106 107
105 105 104 106 104 106
106 105 105 107 105 106
106 105 106 106 107 107
104 105 105 105 103 104
107 107 106 107 108 107
109 106 107 106 106 107
105 105 105 107 107 109
105 104 107 105 105 104
108 107 107 107 109 108
105 105 106 105 105 106
105 104 105 106 104 105
104 105 105 106 107 107
106 106 105 106 106 108
103 102 104 105 104 106
107 107 106 106 108 107
108 107 107 107 107 106
107 105 107 107 106 106
104 105 105 105 106 106
109 109 108 109 109 107
105 106 105 106 105 104
106 105 106 105 105 105
106 107 106 107 106 106
106 105 106 108 106 107
104 104 104 104 105 104
106 107 107 108 107 108
109 107 107 106 107 107
105 106 107 106 107 107
105 105 105 104 106 105
107 107 107 109 108 107
106 106 106 106 105 108
105 104 105 104 105 108
106 104 106 105 107 105
106 105 107 107 107 106
103 104 104 104 105 103
108 106 106 106 108 107
109 106 107 107 107 107
107 107 107 106 106 105
105 105 106 105 105 106
107 109 109 108 109 107
108 105 106 106 106 107
106 105 103 105 105 108
107 107 106 105 107 106
107 107 107 108 105 107
105 105 103 105 105 105
108 106 107 108 109 108
107 107 107 107 108 105
107 107 106 106 107 106
103 104 105 105 104 106
106 108 108 108 108 108
105 107 107 106 105 105
103 106 104 106 105 106
106 105 105 104 106 106
106 106 107 106 105 105
103 106 103 106 103 104
106 107 107 106 106 107
107 105 108 108 108 107
106 105 107 107 107 107
105 105 105 105 105 106
109 107 107 107 109 108
107 105 107 107 107 107
105 107 107 105 106 106
106 106 106 107 107 107
106 107 106 107 107 108
103 104 105 104 104 105
109 108 107 107 108 108
106 108 105 108 107 107
106 106 106 106 106 104
104 103 105 103 105 106
107 106 108 107 106 107
105 107 106 106 105 107
104 104 106 104 105 105
105 105 105 105 106 106
106 106 106 105 106 104
103 104 104 104 104 104
106 107 107 106 108 105
107 107 106 107 106 107
107 106 105 107 106 108
106 104 105 105 105 107
107 108 108 108 107 107
106 105 105 105 105 107
104 106 105 104 106 106
105 106 107 105 107 106
107 107 106 107 106 107
105 104 105 104 103 106
107 107 108 106 105 108
106 106 107 107 107 107
105 106 106 107 107 104
104 107 105 106 105 105
107 107 107 106 109 107
106 105 105 105 107 104
104 105 105 105 104 104
105 104 107 105 106 105
106 106 106 105 107 106
104 103 105 104 105 104
106 106 109 107 107 106
107 105 109 106 104 109
106 106 107 109 107 105
105 105 106 105 106 106
109 109 107 109 107 108
107 106 108 107 105 106
106 106 106 105 105 104
107 105 105 108 107 107
106 105 107 107 107 109
105 106 102 106 105 105
108 107 109 108 106 108
106 108 107 108 106 108
106 105 107 106 107 106
106 106 107 107 104 104
108 107 109 107 107 109
107 105 105 105 106 107
106 105 106 106 106 104
108 107 105 107 107 106
107 105 106 107 107 107
104 105 104 104 105 105
105 108 106 107 108 108
106 109 107 106 109 110
107 106 107 106 107 105
105 107 107 104 104 106
107 110 108 109 108 108
106 107 104 107 105 109
106 106 106 106 107 105
107 106 107 106 108 106
108 108 107 108 107 108
104 105 106 105 106 105
107 106 107 108 108 108
107 106 108 106 109 108
106 105 106 106 106 107
106 106 105 104 104 105
106 106 109 107 105 108
105 104 105 106 106 105
105 105 105 106 106 104
106 106 105 107 107 108
108 106 106 106 106 107
105 106 106 105 104 104
107 107 108 106 107 106
106 110 107 107 108 108
107 108 108 107 107 106
104 106 106 107 105 105
107 107 109 109 108 109
107 106 106 106 107 107
105 105 104 106 106 107
105 106 107 107 106 107
106 107 107 107 108 106
104 106 106 106 105 105
107 106 109 108 108 106
107 108 108 108 107 107
107 107 106 108 107 106
104 105 105 107 105 105
107 109 108 107 107 109
107 106 107 106 106 107
105 105 106 106 104 104
106 107 106 107 106 106
105 106 107 107 108 106
105 104 104 104 103 105
108 107 108 106 107 107
107 107 106 108 109 108
110 106 106 109 107 107
104 105 107 105 105 106
108 109 108 110 108 109
104 107 107 107 107 109
105 105 106 105 106 107
107 106 106 106 108 108
108 106 106 108 106 107
104 105 104 106 104 106
108 108 109 109 108 108
107 107 106 108 107 106
108 106 108 107 106 106
105 104 107 105 105 106
107 107 108 107 108 108
107 105 105 106 108 106
105 106 105 106 104 105
106 106 106 107 107 107
106 105 107 107 107 107
106 104 106 103 103 104
107 107 107 107 106 105
109 108 107 107 109 109
105 107 106 108 106 104
104 104 105 105 106 105
107 106 108 108 107 108
107 107 105 107 107 106
105 106 107 106 106 104
107 109 107 107 108 107
107 107 108 107 108 107
104 106 105 105 106 106
108 108 107 107 109 108
109 107 107 108 106 108
106 106 107 107 108 106
105 105 105 106 106 106
108 107 107 109 108 110
106 105 106 109 108 107
106 107 106 104 105 104
106 107 108 108 107 107
106 106 104 107 108 106
104 103 106 104 105 104
106 108 107 107 108 108
109 108 108 108 107 106
105 106 107 107 106 106
105 106 104 105 105 106
107 108 106 109 108 108
106 106 107 106 106 106
104 106 106 106 106 106
109 106 108 107 106 107
108 108 107 106 107 109
104 104 105 104 104 104
108 107 107 106 107 109
108 106 107 108 107 105
106 105 104 108 106 107
105 105 104 105 104 106
107 106 109 109 107 106
106 105 106 105 106 107
106 105 105 105 105 105
106 106 107 106 107 105
106 107 105 107 107 107
103 106 106 105 105 103
106 107 109 107 107 107
106 108 106 107 108 108
106 107 107 106 106 106
106 106 104 106 104 106
108 110 108 109 108 108
106 107 106 107 107 106
105 106 107 104 105 106
106 107 107 106 108 106
107 106 106 106 107 106
105 105 104 105 104 106
107 107 108 108 107 108
109 108 107 107 108 107
107 106 108 106 107 106
107 102 107 103 106 106
109 109 107 110 108 109
107 105 107 106 107 107
104 106 104 105 106 106
108 108 107 108 105 109
108 106 110 105 107 107
105 103 105 106 105 105
109 107 109 108 106 108
108 107 107 106 108 109
107 106 107 105 106 105
105 107 106 104 104 106
105 107 107 110 108 108
104 107 107 106 106 105
104 107 104 106 106 104
108 108 106 107 107 106
105 109 106 107 108 108
104 108 105 107 104 105
106 108 108 109 108 109
107 108 105 109 108 107
107 107 106 107 108 107
104 106 105 105 106 106
106 108 108 109 109 108
107 106 105 106 107 106
105 108 106 106 106 105
105 108 105 108 107 106
107 105 108 107 108 107
104 105 104 103 103 106
108 108 106 107 107 107
108 106 108 108 108 106
106 106 108 107 104 107
103 105 105 106 105 105
108 107 109 109 107 107
106 107 106 105 108 107
105 105 106 105 105 105
107 108 106 107 104 107
108 109 108 107 105 108
105 103 105 105 104 104
108 108 107 107 107 108
108 108 109 108 107 107
106 107 107 106 108 106
105 105 105 105 106 104
108 107 107 107 108 109
106 105 106 110 106 107
105 105 105 106 106 107
107 107 106 108 105 108
106 108 107 109 105 107
102 104 105 104 104 105
109 106 107 108 106 106
109 106 106 107 108 109
107 107 107 109 107 107
106 104 107 107 105 107
107 106 106 109 109 108
107 107 107 110 108 107
107 105 106 107 106 107
108 106 106 108 107 108
107 109 107 107 106 108
103 105 106 106 107 105
107 107 108 108 108 108
108 108 106 108 109 107
106 107 106 105 108 107
107 104 105 104 107 107
108 107 108 108 108 109
106 107 106 109 107 107
105 106 106 105 106 106
107 108 108 107 107 105
106 108 107 106 107 106
103 104 106 104 104 105
108 107 107 108 106 106
110 109 107 108 108 109
107 108 107 108 107 107
104 108 105 105 105 106
107 109 109 108 109 108
105 106 107 108 108 107
106 105 106 106 108 106
107 106 107 108 107 107
106 109 107 108 109 108
104 106 107 104 106 105
106 107 108 107 107 105
107 107 107 108 109 109
108 107 107 106 109 108
105 106 106 105 106 107
109 110 107 108 108 108
106 106 106 107 107 107
107 105 105 106 107 106
107 108 107 107 107 107
106 107 106 106 106 107
107 105 104 106 106 106
107 107 109 108 108 107
106 108 108 108 108 107
108 107 106 108 107 107
106 105 105 105 107 106
109 108 110 107 109 110
109 107 106 108 108 106
106 106 107 105 107 107
106 107 107 107 108 107
106 110 107 107 108 106
106 105 106 104 107 108
109 108 106 108 110 107
107 108 108 109 108 108
106 108 106 107 107 109
107 106 106 108 106 106
109 108 109 108 106 108
107 106 105 109 106 107
106 105 106 106 107 105
107 106 106 108 106 107
108 107 108 107 108 108
104 105 105 106 105 106
107 106 107 110 107 107
109 109 108 108 109 107
106 106 106 106 107 108
106 106 105 107 107 105
109 107 108 108 108 108
106 107 106 107 105 106
106 107 106 104 106 105
109 106 106 107 108 106
108 108 107 107 107 109
103 106 106 105 107 106
109 108 109 108 108 110
108 107 108 109 106 108
107 107 106 107 107 108
106 105 106 106 104 105
109 109 108 109 108 110
105 107 107 108 108 106
105 106 105 107 107 105
106 106 108 106 107 108
107 108 107 106 108 107
105 106 105 105 105 104
108 109 107 108 107 107
108 108 108 108 108 107
108 105 107 107 107 106
104 105 107 107 105 106
109 107 109 109 109 109
105 106 106 109 107 108
106 106 107 106 105 106
107 108 109 105 106 107
107 108 107 107 108 107
104 104 106 107 104 105
108 108 109 109 108 110
108 108 107 108 108 111
106 106 109 107 107 109
107 106 106 105 107 105
110 108 107 109 107 108
107 107 107 107 106 108
105 107 105 106 106 105
104 107 106 107 107 106
107 107 107 107 107 107
104 104 105 105 104 106
107 108 107 109 107 109
107 106 107 109 108 109
107 105 108 107 108 108
105 106 106 106 104 106
109 108 108 108 107 109
106 106 108 108 106 106
104 106 106 105 107 106
106 106 107 105 106 108
108 107 107 108 108 109
104 105 105 104 106 105
107 106 106 107 108 108
107 108 107 107 107 109
105 107 108 106 107 108
107 108 105 105 107 106
108 108 108 109 109 108
106 107 108 107 105 106
107 105 106 107 106 105
108 108 106 106 108 106
106 107 107 107 108 107
105 105 105 105 103 106
107 107 109 108 109 110
108 108 109 106 109 107
107 108 108 106 106 108
106 105 106 105 107 105
108 108 109 109 109 108
109 107 108 107 106 106
105 108 106 106 106 105
106 107 108 107 108 108
106 108 107 108 107 107
106 106 106 105 106 105
108 108 108 107 109 109
107 109 107 107 108 107
107 107 107 107 106 107
107 106 105 105 106 107
110 107 108 108 109 107
109 109 108 107 107 107
107 107 105 106 106 106
108 107 107 108 107 107
107 107 108 107 108 107
105 105 105 105 104 104
107 108 108 108 107 109
108 107 109 108 108 107
107 108 106 106 107 108
107 106 106 106 106 107
108 108 109 109 107 108
106 106 106 108 107 105
106 105 105 107 106 107
107 107 107 106 107 108
108 107 107 107 107 109
103 106 106 107 104 105
109 108 109 109 108 110
108 108 109 108 109 109
107 108 108 106 107 106
106 105 104 106 105 105
109 106 107 107 107 109
104 107 104 109 105 107
105 106 104 106 106 106
106 108 105 106 106 108
108 107 107 107 106 106
103 103 104 106 104 104
106 107 107 108 107 107
106 106 107 108 107 108
107 107 107 108 107 106
107 105 107 106 105 105
108 109 110 108 109 108
105 106 106 108 105 106
106 105 106 106 105 105
107 108 107 106 108 107
107 109 108 108 107 107
103 105 106 106 106 103
106 107 108 108 109 108
108 107 107 109 108 107
104 106 107 106 107 107
107 105 106 105 106 106
108 109 108 109 109 109
105 108 108 107 106 107
106 106 105 106 106 105
106 106 108 105 108 106
107 107 107 108 107 108
104 104 104 107 106 104
107 107 110 108 109 108
106 108 108 108 109 106
106 106 106 107 106 107
107 107 105 106 105 108
109 110 108 109 109 108
108 106 107 107 106 105
106 106 106 105 107 105
108 107 107 107 107 107
109 107 108 106 108 108
106 106 104 105 105 106
108 107 110 107 107 109
108 108 107 109 106 107
108 104 106 108 107 107
103 105 107 107 106 105
111 107 109 109 107 108
107 109 107 108 106 106
105 106 107 107 106 106
107 104 107 108 106 108
107 106 106 106 107 107
105 103 105 104 106 105
107 108 107 108 107 109
106 107 108 110 107 107
106 105 105 108 107 107
105 106 104 107 106 105
108 108 108 109 108 110
107 107 107 106 107 107
107 104 106 109 107 105
106 106 107 108 108 107
107 107 108 107 108 106
104 106 104 105 105 107
107 109 109 108 107 106
106 108 107 108 109 108
108 106 108 107 107 106
105 105 106 107 106 106
108 107 109 108 107 109
107 107 106 105 107 108
107 107 107 105 107 105
106 107 106 108 106 107
107 107 108 106 107 107
103 105 105 105 106 106
106 108 107 107 109 108
108 107 108 107 109 108
107 108 106 109 107 109
106 107 105 107 104 106
107 108 109 108 109 109
107 105 108 108 106 108
106 105 107 105 106 105
107 106 107 108 107 106
108 108 107 107 107 107
104 106 104 105 104 107
107 107 106 108 108 108
109 107 110 109 108 108
106 106 106 107 107 106
105 105 106 105 103 106
109 110 109 108 109 107
107 106 107 108 106 107
106 105 107 106 106 106
106 106 107 108 108 106
108 106 108 106 106 108
106 104 105 104 104 106
108 107 107 107 108 107
107 107 108 108 108 108
106 107 107 105 107 106
106 107 108 104 106 105
109 109 108 108 110 109
105 108 108 107 107 107
105 106 108 105 106 106
105 107 106 107 109 107
105 107 109 108 108 107
104 106 105 106 105 105
108 107 110 109 108 108
108 108 108 107 108 109
108 106 105 107 107 108
107 103 106 107 104 105
108 109 107 109 109 108
106 105 107 107 107 108
105 106 106 106 107 106
108 107 106 107 106 106
107 106 106 107 107 107
106 104 104 105 107 105
108 109 108 109 108 108
108 109 109 109 108 108
107 107 108 109 106 108
107 105 106 108 106 106
109 109 111 109 109 110
107 106 109 105 107 106
105 106 107 105 107 107
109 106 107 107 107 107
108 108 108 106 108 107
107 106 105 105 106 105
109 109 108 109 107 109
109 108 107 107 109 106
106 107 107 108 107 105
104 106 106 105 107 105
107 108 107 108 110 108
108 106 107 106 108 105
105 107 104 106 106 105
105 107 107 107 106 107
107 107 105 107 107 107
104 105 105 104 105 105
107 107 107 109 108 107
110 108 108 108 108 109
107 107 109 106 106 107
106 105 106 106 107 105
108 108 108 110 109 107
106 108 106 107 107 108
105 105 106 106 106 106
107 107 108 107 107 108
106 108 107 108 107 108
106 107 105 105 106 105
108 109 108 108 110 106
109 108 108 107 110 109
105 106 108 105 106 106
106 105 104 106 105 107
109 109 109 108 109 108
107 107 105 104 108 106
105 105 106 106 108 106
107 107 109 107 108 106
108 107 107 106 107 107
105 105 107 105 105 104
110 109 108 107 107 106
109 107 107 107 109 108
108 108 107 108 107 107
105 104 108 106 105 106
110 109 107 110 109 108
108 106 108 107 106 109
105 106 105 106 105 108
108 108 107 107 105 107
108 107 109 108 108 108
104 106 105 107 104 106
108 108 109 108 106 111
109 109 107 109 110 108
106 107 107 107 107 107
104 104 106 106 105 105
108 106 108 110 108 108
106 106 106 107 106 106
105 106 105 107 106 106
106 106 106 106 106 107
108 107 107 107 107 107
103 105 105 104 103 105
108 108 107 107 107 107
108 107 109 108 110 107
106 106 108 108 108 107
106 106 106 107 106 105
108 108 111 110 109 108
106 105 107 107 109 108
106 105 107 105 108 106
108 106 105 108 107 108
106 107 107 107 108 107
105 105 106 107 105 104
106 107 110 109 108 110
107 108 107 107 109 108
107 107 107 107 107 107
105 106 105 105 108 107
107 108 107 109 109 109
104 108 108 106 107 107
106 106 106 105 106 104
107 105 107 106 106 107
107 108 107 108 107 108
105 106 103 105 106 105
106 109 109 108 107 108
108 109 110 109 107 108
106 106 109 106 107 108
106 105 106 107 106 107
108 109 108 109 108 111
107 106 107 106 106 107
106 106 106 106 107 107
107 107 108 107 107 107
109 106 109 108 108 108
106 106 105 105 106 106
110 107 107 109 108 110
108 110 108 109 110 108
108 107 108 107 107 107
105 105 106 105 107 107
109 108 108 109 109 108
106 106 108 105 107 106
106 106 104 105 108 105
107 108 108 106 107 107
107 107 107 107 108 109
105 105 105 106 105 105
107 106 108 109 107 106
108 109 108 109 107 107
107 107 107 106 107 107
108 106 104 106 107 106
107 108 109 109 110 109
108 108 106 108 106 107
108 106 107 107 105 106
108 108 109 108 106 107
109 108 107 107 108 108
105 106 105 106 106 105
108 109 107 108 109 109
107 108 109 108 106 108
107 107 108 108 106 107
106 104 107 106 108 106
107 108 108 110 109 108
107 108 107 107 106 106
106 106 106 106 106 107
106 107 105 106 106 107
108 109 110 107 108 108
106 105 106 106 103 105
107 108 108 106 109 107
108 109 109 108 107 108
107 108 109 107 107 106
106 104 106 106 106 105
109 109 108 109 109 109
108 106 106 108 107 108
107 107 107 107 106 106
107 107 106 107 107 107
107 107 108 108 108 109
107 106 107 105 107 106
108 108 111 107 108 109
108 106 108 108 108 108
106 106 107 107 105 105
106 105 106 106 105 106
108 108 109 110 108 108
106 107 107 107 107 107
105 105 108 106 106 106
105 107 107 107 106 109
107 109 108 106 107 108
105 103 105 105 104 105
107 109 109 106 107 108
